0 0.5875 0.5984375 0.31484375 0.28125
0 0.4484375 0.5328125 0.27421875 0.25234375
0 0.33203125 0.4671875 0.2453125 0.2015625
0 0.25234375 0.4234375 0.2140625 0.165625
0 0.19375 0.38828125 0.2015625 0.14453125
0 0.1453125 0.353125 0.18515625 0.11796875
0 0.86171875 0.4703125 0.19453125 0.196875
0 0.71640625 0.4125 0.1921875 0.15859375
0 0.6109375 0.3578125 0.14921875 0.10546875
0 0.459375 0.31953125 0.12734375 0.09140625
0 0.4015625 0.31640625 0.14921875 0.1109375
0 0.875 0.3390625 0.1421875 0.1109375
0 0.796875 0.3171875 0.09609375 0.08671875
0 0.74609375 0.2953125 0.1078125 0.0765625
0 0.65234375 0.2828125 0.09375 0.0796875
0 0.5921875 0.27421875 0.09609375 0.071875